1 "Tackle" 0 0 1 1 40 100 35 1 0
2 "Growl" 0x0004000 100 0 1 0 100 40 1 0
3 "Vine Whip" 0 0 1 4 45 100 10 1 0
4 "Poison Powder" 0x0000002 75 0 6 0 75 35 1 0
5 "Sleep Powder" 0x0000001 75 0 4 0 75 15 1 0
6 "Take Down" 0x1000000 100 1 1 90 85 20 1 0
7 "Razor Leaf" 0 0 1 4 55 95 25 1 0
8 "Growth" 0x0000100 100 0 1 0 100 20 2 0
9 "Double-Edge" 0x1000000 100 1 1 120 100 15 1 0
10 "Scratch" 0 0 1 1 40 100 35 1 0
11 "Smokescreen" 0x0020000 100 0 1 0 100 20 1 0
12 "Ember" 0x0000008 10 1 2 40 100 25 1 0
13 "Fury Swipes" 0x0200000 100 1 1 18 80 15 1 0
14 "Dragon Rage" 0 0 1 1 65 100 10 1 0
15 "Fire Spin" 0x0000008 10 1 2 35 85 15 1 0
16 "Slash" 0 0 1 1 70 100 20 1 0
17 "Flamethrower" 0x0000008 10 1 2 90 100 15 1 0
18 "Tail Whip" 0x0008000 100 0 1 0 100 30 1 0
19 "Bubble" 0x0010000 33 1 3 40 100 30 1 0
20 "Withdraw" 0x0000200 100 0 3 0 100 25 2 0
21 "Water Gun" 0 0 1 3 40 100 25 1 0
22 "Bite" 0x0000020 30 1 7 60 100 25 1 0
23 "Bubble Beam" 0x0010000 33 1 3 65 100 20 1 0
24 "Headbutt" 0x0000020 30 1 1 70 100 15 1 0
25 "Hydro Pump" 0 0 1 3 110 80 5 1 0
26 "Skull Bash" 0x0400000 100 1 1 130 100 10 1 0
27 "Sand Attack" 0x0020000 100 0 1 0 100 15 1 0
28 "Gust" 0 0 1 5 40 100 35 1 0
29 "Quick Attack" 0 0 1 1 40 100 30 1 1
30 "Wing Attack" 0 0 1 5 60 100 35 1 0
31 "Roost" 0x0100000 100 0 5 50 100 10 2 0
32 "Agility" 0x0000400 100 0 1 0 100 30 2 0
33 "Air Slash" 0x0000020 30 1 5 75 95 15 1 0
34 "Razor Wind" 0x0400000 100 1 1 80 100 10 1 0
35 "Focus Energy" 0x0002000 100 0 1 0 100 30 2 0
36 "Super Fang" 0x0800000 100 1 1 100 90 10 1 0
37 "Crunch" 0x0008000 20 1 7 80 100 15 1 0
38 "Hyper Fang" 0x0000020 10 1 1 80 90 15 1 0
39 "Sucker Punch" 0 0 1 7 70 100 5 1 1
40 "Peck" 0 0 1 5 35 100 35 1 0
41 "Leer" 0x0008000 100 0 1 0 100 30 1 0
42 "Fury Attack" 0x0200000 100 1 1 15 85 20 1 0
43 "Drill Peck" 0 0 1 5 80 100 20 1 0
44 "Poison Sting" 0x0000002 30 1 6 15 100 35 1 0
45 "Acid" 0x0008000 33 1 6 40 100 30 1 0
46 "Glare" 0x0000004 75 0 1 0 100 30 1 0
47 "Poison Jab" 0x0000002 30 1 6 80 100 20 1 0
48 "Slam" 0 0 1 1 80 75 20 1 0
49 "Screech" 0x0000100 100 0 1 0 85 40 2 0
50 "Toxic" 0x0000002 90 0 6 0 90 10 1 0
51 "Horn Attack" 0 0 1 1 65 100 25 1 0
52 "Horn Drill" 0 0 1 1 150 30 5 1 0
53 "Confuse Ray" 0x0000040 100 0 1 0 100 10 1 0
54 "Roar" 0x0040000 100 0 1 0 100 20 1 0
55 "Fire Blast" 0x0000008 30 1 2 110 85 5 1 0
56 "Pound" 0 0 1 1 40 100 35 1 0
57 "Defense Curl" 0x0000200 100 0 1 0 100 40 2 0
58 "Sing" 0x0000001 55 0 1 0 55 15 1 0
59 "Minimize" 0x0001000 100 0 1 0 100 10 1 0
60 "Double Slap" 0x0200000 100 1 1 15 85 10 1 0
61 "Body Slam" 0x0000004 30 1 1 85 100 15 1 0
62 "Moonblast" 0x0004000 30 1 8 95 100 15 1 0
63 "Absorb" 0x2000000 100 1 4 40 100 15 1 0
64 "Supersonic" 0x0000040 100 1 1 0 55 20 1 0
65 "Swift" 0 0 1 1 60 20 100 1 0
66 "Leech Life" 0x2000000 100 1 4 80 100 10 1 0
67 "Mega Drain" 0x2000000 100 1 4 75 100 10 1 0
68 "X-Scissor" 0 0 1 4 80 100 15 1 0
69 "Seismic Toss" 0 0 1 1 100 100 15 1 0
70 "Lunge" 0x0004000 50 1 4 80 100 15 1 0
71 "Constrict" 0x0010000 33 1 1 10 100 35 1 0
72 "Hydropump" 0 0 1 3 110 80 5 1 0
73 "Sand Attack" 0x0020000 100 0 4 0 100 15 1 0
74 "Rock Throw" 0 0 1 4 50 90 15 1 0
75 "Explosion" 0x1000000 100 1 1 250 100 5 1 0
76 "Rage" 0x0000100 100 1 1 20 100 20 1 0
77 "Pursuit" 0 0 1 7 40 100 20 1 0
78 "Pluck" 0 0 1 5 60 100 20 1 0
79 "Double Hit" 0x0200000 100 1 1 35 90 10 1 0
80 "Drill Peck" 0 0 1 5 80 100 20 1 0
81 "Thrash" 0 0 1 1 120 100 10 1 0
82 "Shadow Punch" 0 0 1 7 60 100 20 1 0
83 "Lick" 0x0000004 30 1 1 30 100 30 1 0
84 "Curse" 0x0010300 100 0 7 0 100 10 2 0
85 "Dark Pulse" 0x0000020 20 1 7 80 100 15 1 0
86 "Shadow Ball" 0x0000200 20 1 7 80 100 15 1 0
87 "Flame Burst" 0 0 1 2 70 100 15 1 0
88 "Lava Plume" 0x0000008 30 1 2 80 100 15 1 0
89 "Fire Blast" 0x0000008 30 1 2 110 85 5 1 0
90 "Aqua Tail" 0 0 1 3 90 90 10 1 0
91 "Hyper Beam" 0x0800000 100 1 1 150 90 5 1 0
92 "Confusion" 0x0000040 10 1 8 50 100 25 1 0
93 "Psybeam" 0x0000040 10 1 8 65 100 20 1 0
94 "Quiver Dance" 0x0000700 100 0 4 0 0 20 2 0
95 "Bug Buzz" 0x0008000 10 1 4 90 100 10 1 0
96 "Sting" 0x0000002 20 1 4 50 100 20 1 0
97 "Pin Missile" 0x0200000 100 1 4 25 95 20 1 0
98 "Ice Shard" 0 0 1 3 40 100 30 1 1
99 "Rest" 0x0100001 100 0 8 100 100  10 2 0
100 "Aurora Beam" 0x0004000 10 1 3 65 100 20 1 0
101 "Ice Beam" 0x0000010 10 1 3 90 100 10 1 0