1 "Crysmal" 4 0 45 65 65 45 50 1 1,1 1,2 6,3 9,4 14,5 18,6 23,7 27,8 32,9
2 "Magmin" 2 0 39 60 50 65 50 1 1,10 4,2 9,11 13,12 18,13 22,14 27,15 31,16 36,17
3 "Aboleth" 3 0 44 50 64 43 50 1 1,1 5,18 9,19 14,20 18,21 23,22 27,23 36,24 41,25 45,26
4 "Raven" 5 1 40 45 40 56 50 11 1,1 3,27 5,28 11,29 15,30 17,31 23,32 27,33 29,34
5 "Rat" 1 0 30 56 35 72 50 9 1,1 3,18 6,29 9,35 12,22 15,36 18,37 21,38 24,39 27,9
6 "Roc" 5 1 40 60 30 70 50 11 1,40 3,2 8,41 11,35 16,42 24,31 27,32 32,43
7 "Viper" 6 0 35 60 44 55 50 12 1,44 4,41 8,45 12,22 20,46 24,47 28,48 32,49 36,50
8 "Basilisk" 6 0 46 57 40 50 50 10 1,41 1,40 3,35 6,44 9,42 12,51 18,50 21,42 24,47 27,52
9 "Firefox" 2 0 38 50 65 65 50 14 1,1 3,18 7,12 10,29 14,53 21,15 24,17 28,54 31,55
10 "Fairie" 8 0 115 45 25 20 50 13 1,2 1,56 4,57 6,58 12,59 16,60 24,61 28,62
11 "Nightwing" 6 5 40 45 35 55 50 2 1,63 1,64 4,30 9,22 12,65 17,53 25,66 28,50 33,33
12 "Myconid" 6 4 45 75 65 30 50 8 1,63 4,8 8,45 12,4 14,5 18,7 22,67 26,50 30,62
13 "Rock Lobster" 4 1 35 70 55 25 50 3 1,10 2,4 6,5 9,63 12,8 15,13 19,16 23,66 31,68
14 "Gnoll" 1 0 40 80 35 70 50 6 1,10 1,41 8,35 16,13 21,69 24,70 33,71 40,14
15 "Kraken" 3 6 40 50 100 70 50 6 1,44  4,71 9,49 13,45 18,23 27,47 36,49 40,72
16 "Golem" 4 0 40 80 100 20 50 5 1,1 1,57 3,73 9,74 15,6 23,74 31,75
17 "Owlbear" 1 0 90 65 65 15 50 4 1,40 1,2 5,29 12,42 15,77 19,78 22,79 26,32 33,43 47,81
18 "Shade" 7 0 45 115 55 95 50 4 1,83 8,82 12,84 22,85 33,86
19 "Pheonix" 2 5 35 85 45 75 50 6 1,12 1,41 15,15 22,87 29,88 36,17 42,89
20 "Murloc" 3 1 30 70 70 60 50 7 1,22 11,41 21,90 30,14 39,25 45,91
21 "Moth" 4 5 45 45 50 45 50 8 1,28 1,92 7,4 13,5 16,93 19,64 22,94 28,33 31,95
22 "Wasp" 5 6 40 60 30 50 50 6 1,96 8,40 16,42 19,35 22,47 25,32 28,97 31,76
23 "Yeti" 1 3 65 45 70 45 50 12 1,24 4,2 12,21 16,98 20,99 26,100 32,72 38,6 44,101 50,9